3000 3000 32 1 0 0 0 0
 365 185  0 0 0
 378 200  0 0 0
 410 165  0 0 0
 425 148  0 0 0
 425 296  0 0 0
 439 116  0 0 0
 464 1006 0 0 0
 520 205  0 0 0
 520 350  0 0 0
 540 530  0 0 0
 549 1413 0 0 0
 549 1882  0 0 0
 553 496  0 0 0
 555 755  0 0 0
 555 496  0 0 0
 555 659  0 0 0
 567 473  0 0 0
 572 592  0 0 0
 572 975  0 0 0
 572 1175 0 0 0
 572 1575 0 0 0
 572 1390 0 0 0
 572 1490 0 0 0
 572 1590 0 0 0
 572 1690 0 0 0
 572 1890  0 0 0
 610 625  0 0 0
 660 490  0 0 0
 690 447  0 0 0
 949 445  0 0 0
 949 478  0 0 0
 970 463  0 0 0