 1000 1000 50 1 0 0 0 0
 572 665 0 0 0
 482 640 0 0 0
 264 594 0 0 0
 349 566 0 0 0
 276 660 0 0 0
 745 422 0 0 0
 434 622 0 0 0
 446 433 0 0 0
 668 506 0 0 0
 405 635 0 0 0
 486 320 0 0 0
 554 549 0 0 0
 392 491 0 0 0
 459 528 0 0 0
 426 579 0 0 0
 728 359 0 0 0
 644 465 0 0 0
 382 323 0 0 0
 268 352 0 0 0
 324 512 0 0 0
 277 426 0 0 0
 254 685 0 0 0
 483 532 0 0 0
 678 414 0 0 0
 546 590 0 0 0
 716 640 0 0 0
 542 400 0 0 0
 634 596 0 0 0
 497 696 0 0 0
 417 300 0 0 0
 290 605 0 0 0
 321 520 0 0 0
 543 290 0 0 0
 599 269 0 0 0
 467 679 0 0 0
 583 421 0 0 0
 729 723 0 0 0
 465 590 0 0 0
 614 585 0 0 0
 446 327 0 0 0
 734 616 0 0 0
 479 606 0 0 0
 656 278 0 0 0
 537 355 0 0 0
 604 519 0 0 0
 746 596 0 0 0
 439 281 0 0 0
 339 405 0 0 0
 273 526 0 0 0
 625 568 0 0 0